2833
278
117
1688
5787
10352
5291
7992
3166
8894
1606
4360
8887
3189
16115
509
12610
3045
13706
13212
5506
16908
10393
17332
17380
13309
16062
11271
11406
10317
13264
4732
14255
4269
4268
8148
705
11553
11247
555
14005
90
1432
6544
2029
458
17620
17275
7099
914
16920
12131
1314
16611
15888
13049
15360
5617
15525
15963
16716
15068
17111
15429
17864
17019
15176
445
15051
17561
4207
2789
58
14677
3999
14381
140
2485
8791
44
6052
9316
514
947
2125
3190
5298
2378
1900
4002
1331
1787
3013
4146
11659
309
3908
1919
8
128
9070
2407
12946
10030
8020
1181
4548
4297
4357
983
488
2822
4782
3191
8584
6096
14448
14937
6616
9002
6617
6700
7462
14346
4780
10145
9424
4549
6593
12442
11315
6445
9950
10275
8103
5410
4361
4511
5537
16801
8324
13810
15950
17254
16036
16722
16038
16385
17992
15979
12555
14895
17746
12512
10627
17871
17829
17473
17668
8259
17633
10124
16950
17248
13528
16425
16962
15024
11792
16267
17917
15644
16802
17634
16126
17456
17288
17227
16881
16216
17943
17548
17694
17727
17787
11528
17448
16784
13870
17255
13310
16413
17085
15667
11730
12335
9412
12205
14033
15042
7492
13348
17355
7917
9155
11349
18001
16715
17488
14839
13174
13554
15625
16203
14977
16509
14167
13900
16494
12832
15818
15582
16615
14343
16495
16896
11972
12766
16745
17007
16733
14344
15672
15565
12284
15908
15870
14841
2967
9931
467
71
8317
7342
11130
12548
9259
11076
10163
4029
1240
4086
5060
9486
4799
7593
4733
6529
399
9336
5919
547
7095
1666
2513
4213
1478
2697
13
1828
7715
14260
3003
63
111
110
12
3335
384
834
1252
3899
7317
5785
6613
6756
7646
7241
9153
5521
5814
6790
4817
151
331
734
3154
1833
10970
11209
680
2964
4888
7027
503
5027
4326
10403
254
436
502
262
1037
393
4018
2965
11367
326
5524
4845
2966
1089
3074
2106
5834
3152
10259
9798
9305
6561
8610
8019
11178
5613
10791
7101
6377
14547
2917
10788
4717
8978
13563
8473
7490
6397
15160
9019
13975
12755
13144
14447
15425
16298
10882
15871
15768
14672
13429
16401
13822
7763
11039
11921
14868
14986
14180
13262
13860
14470
14131
16404
13970
14193
12478
16642
13256
14079
17172
16099
17199
15409
17887
16743
17063
9817
12033
9468
13257
7599
14849
4902
12724
15205
14759
17627
14870
8230
16111
15867
14989
17525
17619
15945
16183
16462
17777
14221
17502
17585
17662
14884
17564
17535
17523
16341
14735
14080
17237
15813
13916
14190
14695
15392
16791
16403
17310
17839
17957
16426
17960
17366
17325
17705
17702
15272
18005
17870
17894
17220
14786
17985
17748
17726
17993
17754
7464
17967
11654
10740
14152
14821
16362
15201
14413
14555
12122
14404
9134
9710
11760
10636
8069
10441
13557
12048
8371
4354
4411
8290
9295
2050
8862
6097
406
364
3827
57
5499
5496
339
52
92
2583
402
961
2109
450
452
446
730
8494
528
1716
11105
10463
7528
4900
2245
873
13558
1402
3703
4267
4057
3581
2683
3418
1430
1633
787
417
4003
10626
1185
1873
1891
495
1180
168
4359
4594
4558
5920
7075
3811
4837
6674
8538
8583
5242
4892
7039
6124
1507
9478
2953
2598
3395
1963
1508
3693
580
2353
510
543
444
548
1986
1803
583
673
3055
1592
1546
2266
2264
3011
4058
2354
6770
1006
1231
1959
4611
5045
3423
4650
6219
3745
3170
3230
2352
1544
2517
2448
4711
1960
1068
613
2956
5773
577
704
428
192
608
296
785
612
584
544
427
205
152
279
43
260
82
200
118
174
145
75
1
338
3056
2398
7877
73
95
78
154
412
79
439
218
147
159
162
214
2555
169
277
394
442
314
203
1724
4407
2904
5152
2748
4314
4698
6309
4784
3961
4356
5674
5505
2554
4783
4144
6701
4818
4429
3254
5976
5887
5112
4405
6950
5788
7461
6702
6614
7808
6731
5094
5675
9566
4848
5972
6094
6670
8042
8751
7770
5973
7181
5865
8721
9565
15541
12364
9068
8783
8663
8784
9067
8720
7460
7825
5288
6703
6357
4542
8168
9952
9628
7187
6123
10888
11739
6444
9133
9418
6908
9296
10563
8760
5896
7859
8986
6361
4110
4690
4766
5323
6220
5195
5297
6796
9197
5510
5478
6675
10390
9953
10128
8730
9954
8918
10630
13115
13118
9411
7012
9741
9264
6874
6885
8109
6975
7182
7040
7649
7792
7322
8166
9444
6673
9442
8750
8108
10123
12802
8858
9569
9979
10632
13684
12554
10683
15928
12679
13711
13613
15607
15927
14263
14573
16064
16475
15896
13290
14159
17493
16205
14060
11340
14513
13872
14245
13289
14076
11793
10629
11134
16037
12361
16621
16504
14746
15971
14432
14650
15609
15831
16027
16751
17331
15841
15804
10433
16314
16478
13753
13904
12844
12026
12484
10242
13530
10166
13907
15111
12528
13470
14674
16735
13906
13946
15699
18038
13527
16477
18093
17936
14449
18074
15317
15126
14574
10544
15805
17469
17991
5616
17592
17708
18028
17246
17964
17358
17828
18086
18016
17770
17935
17951
18091
16501
18059
18022
17025
16947
17783
18036
17470
16029
17059
16479
15258
16476
18052
17589
18079
17970
18081
18020
18092
17468
18075
18068
18040
18058
18085
18055
17962
17958
17758
18057
18077
18014
17982
17945
18083
17948
16970
17938
18090
18029
17696
18066
17553
17656
17857
17975
17934
17244
16948
17817
17174
17848
17965
17677
17741
16065
17360
16498
17009
16101
16921
16737
16233
15924
17395
15832
17330
17114
17012
17195
18013
17124
16785
16234
17359
17932
17389
17597
17788
17455
17865
17513
17686
18042
18070
17849
17971
18051
18069
18012
17457
17989
18002
17931
17867
17501
17780
17500
17653
17127
16656
17854
17898
13364
15377
15952
15637
15978
15967
15572
16569
17021
17057
14978
15761
15762
13101
13321
15796
16114
16141
16744
17079
16998
15642
15601
17093
16324
17039
13249
13564
17221
17598
17786
17868
17947
17805
17855
17842
17979
17574
17906
17878
17673
17735
17379
17984
17449
17768
17846
17956
17785
17503
17751
17632
17022
17005
15373
16562
11596
7425
14459
8426
11360
13087
15130
13991
11212
11339
13793
13450
14247
10909
12516
14393
14157
13640
13643
13762
15091
14793
13273
14158
10912
12960
13891
14929
13761
13089
13280
14156
11658
12163
12961
9716
10600
6837
10054
10638
13992
10512
12848
11417
13193
13100
10867
12443
12745
10055
7757
12444
12445
12238
13834
10890
13138
14370
16097
16380
14950
11265
12900
17306
15031
15597
16816
16919
17298
17308
17646
17486
17368
16633
17370
17206
17573
17205
17168
17171
16960
16946
16632
16517
15932
17393
17283
15396
17178
15767
16469
17462
17394
15424
17165
14930
15156
14861
15641
17239
14012
15739
17006
13382
16379
12553
14126
12692
14670
15332
16575
13699
15964
14671
14865
14668
14542
15723
16440
16446
16265
15985
16458
13866
17023
16684
15673
16250
16251
16378
16297
13356
15629
14097
11675
16202
14561
15281
14564
14238
14095
13466
14562
14711
14563
12242
13026
10280
12447
12314
14519
14046
13735
10450
12720
10753
10071
11587
12441
8316
11935
12243
12716
15255
13703
13664
13702
12245
14964
15448
16660
14203
14918
14963
13010
14953
15869
16020
16472
14520
13585
16714
15450
13306
14838
12672
13146
12718
13011
11987
12719
6867
11280
9314
9184
11333
9809
9090
5042
7494
7964
6284
9386
6491
9185
9382
9387
9595
9388
9035
7789
9150
9622
10316
10756
10353
10056
8832
7823
6211
7436
6862
11301
8830
9587
10866
10451
9152
8318
8580
11302
10754
10046
7551
4612
8125
8315
7204
6896
6779
7552
4735
4909
2121
6501
6059
6502
6895
7756
6577
6360
6900
4498
8487
6339
7641
6725
6630
6578
7240
6458
4184
4426
5772
4367
5805
6394
5774
4987
5829
4767
5940
6194
4709
4454
4989
4718
2463
4111
2454
1664
2464
1220
1865
1517
1864
1161
4117
3690
2459
3917
4530
3430
6205
5648
4931
2456
1221
2453
1621
2766
1576
520
3016
2389
1574
410
461
576
366
5824
3694
6909
3691
7235
5957
8027
6497
4712
6527
5958
5163
5368
1685
1848
1058
791
32
170
208
2
6
55
28
662
108
7
380
379
1211
4844
1208
832
714
39
1031
1346
1159
1817
1157
849
3476
1160
1365
1705
2758
2610
4133
3240
3781
1047
5717
1328
5733
3712
1164
2832
2148
3676
2196
6013
5734
6421
5285
5107
5316
4816
5947
6519
6426
6340
7010
9123
6903
7444
7701
8893
7348
7493
7346
8414
8536
14287
14286
5736
4995
10485
8300
7645
8319
6464
6344
4847
6157
6870
5428
5261
5719
3029
5203
4811
5408
5315
5949
5204
3619
3848
5129
4890
5002
4889
4813
4815
667
2681
2760
5106
3968
4835
3147
2799
2074
272
872
2645
325
1486
184
1016
148
359
666
358
829
16
360
447
150
271
91
3281
8298
2763
2000
4575
7054
12209
8901
7843
4365
7053
8358
468
9425
9254
10224
8792
4364
2604
9280
5530
4922
1325
1472
4609
4231
4391
10036
1345
2214
854
2916
2060
2946
716
183
182
400
1782
1178
1622
1320
590
1304
853
995
615
4090
415
1018
1288
1324
479
455
456
897
553
4320
2801
2171
5659
2343
4318
2712
9588
5643
1289
1588
815
648
898
1464
2780
1889
1590
2172
2781
2105
2014
2993
4239
4124
2901
2800
2851
856
3883
3355
4312
5971
4557
4139
4311
5783
7933
3316
3618
4776
4295
6819
5642
4192
6611
4779
4623
7263
4790
7207
7171
4944
5260
6897
7368
4242
4842
5808
7401
5812
7443
7402
8679
9779
9288
9289
7788
9489
8641
8642
7934
7932
8100
10312
6585
4769
9374
9256
9304
9338
8678
6898
6612
6503
7581
7132
8064
7170
9260
10459
10021
10118
11180
11365
10559
9852
10264
11153
8470
12385
14951
13260
11702
13861
10379
11815
11632
12128
12862
7262
8386
9819
9558
10575
10731
11132
11841
8451
10384
7418
8474
8188
10357
14804
15315
11983
13495
12721
11483
13242
11182
12667
13783
13945
15676
15288
15826
16519
15802
15200
14050
14411
15677
14103
15470
13268
14553
13113
13210
14288
11752
13823
13555
14182
14549
14819
16340
16402
16961
17112
13359
15142
13820
14713
13352
14915
14714
13434
13821
15254
14019
11814
11847
10482
12986
13751
14495
11787
14047
15487
13492
13464
14739
12318
14386
14179
16400
14686
14341
16124
15034
15430
15850
16017
16338
16551
15253
14983
14760
14836
14871
14048
14342
9641
13157
12201
12008
14721
12440
12373
14761
16496
14408
15069
14385
14294
16459
15452
15777
15751
16793
17065
16883
16019
16713
16917
17132
16643
15946
16148
17041
9548
9696
9967
9760
7846
9966
8098
7045
9298
7251
9255
8035
12146
9426
10468
10637
11603
11900
14035
8327
6802
9816
12032
12145
15062
13137
14091
14139
12431
9906
10439
15063
12894
14136
14847
13365
16288
10436
2605
9818
16724
16122
8488
16894
15210
17091
16915
17367
17226
17371
17721
17776
17779
17533
17215
17504
17421
17526
17505
17695
17940
17875
17827
17674
17919
17890
17465
17922
17914
15112
14687
14217
17616
17534
17139
17704
17692
17451
17307
17460
17459
17133
17235
17450
17354
16911
16710
16792
15575
15744
16640
16975
16123
15618
15997
16516
15080
15058
16018
15004
14830
17090
17014
14720
16809
14903
13641
12414
15570
15512
15590
15653
17262
14877
17601
16044
16831
16189
16110
17142
17418
17756
17615
17498
17644
17700
17642
17282
17660
17229
17290
17270
17263
17016
16808
17015
16483
15587
17036
17483
16863
15844
16982
16228
16767
17851
16230
16984
15835
14689
15894
14875
17251
17897
17711
16687
16275
17341
16686
16988
16989
16331
17477
17606
16943
18073
17188
17910
17422
17471
16359
17966
17400
17250
17996
17661
17790
17665
17663
18053
18054
17024
17915
16184
18004
18003
17974
18039
18023
18033
17969
17249
14787
16748
16799
15261
14688
14954
14988
14153
12366
15532
9271
11245
12559
14348
14673
15215
14719
15074
15874
15110
12675
14625
13905
12580
12367
12365
13012
2582
12868
14347
12579
12452
12137
11877
15477
12393
12088
14652
13445
15876
13826
9928
6760
12299
11737
12394
10440
11878
10144
9416
12067
10741
10635
11894
15344
13917
14876
15419
14633
13312
12413
14630
14631
12891
15476
10246
12846
6288
7230
8925
7627
6954
6494
5480
6735
9004
9195
7252
5908
9344
3981
1493
4460
7019
5843
6888
4743
7903
7500
9679
8291
6741
5295
5424
6886
1654
4417
4461
4921
9044
4220
4513
5909
4458
8235
9160
10248
8928
6600
8209
7077
1451
2567
6568
4206
4386
8674
4230
6603
8435
1318
4791
3032
1643
1275
11368
12704
9292
6635
8329
8489
5240
8330
5583
1422
5615
2412
6764
5584
5433
6100
4915
105
459
1421
4957
98
2158
3825
5076
650
1537
1567
3290
3582
3704
4725
4449
963
1609
2411
3320
86
877
263
443
68
426
316
204
440
255
1072
180
265
31
157
1003
1053
295
2217
62
232
156
33
88
42
56
14
18
38
96
97
102
99
1336
1610
22
1492
317
65
270
448
449
1177
755
2429
2657
2658
1246
1715
623
1845
2581
1175
661
501
1319
1297
676
1452
1392
1730
286
2037
2094
1653
846
149
257
310
698
2080
987
1970
2580
2111
1989
1990
2474
2092
3724
2430
3172
3009
1637
2542
2221
2804
671
2623
3289
1375
1468
1969
126
1729
674
320
537
741
2079
